R1 <- R1 + 2R2
R2 <- -3R2
